0.004444 0.004444 0.004444 0.004444 0.004444 0.004444 0.004444 0.004444 0.004444 0.004444 0.004444 0.004444 0.004444 0.004444 0.004444 
0.004444 0.004444 0.004444 0.004444 0.004444 0.004444 0.004444 0.004444 0.004444 0.004444 0.004444 0.004444 0.004444 0.004444 0.004444 
0.004444 0.004444 0.004444 0.004444 0.004444 0.004444 0.004444 0.004444 0.004444 0.004444 0.004444 0.004444 0.004444 0.004444 0.004444 
0.004444 0.004444 0.004444 0.004444 0.004444 0.004444 0.004444 0.004444 0.004444 0.004444 0.004444 0.004444 0.004444 0.004444 0.004444 
0.004444 0.004444 0.004444 0.004444 0.004444 0.004444 0.004444 0.004444 0.004444 0.004444 0.004444 0.004444 0.004444 0.004444 0.004444 
0.004444 0.004444 0.004444 0.004444 0.004444 0.004444 0.004444 0.004444 0.004444 0.004444 0.004444 0.004444 0.004444 0.004444 0.004444 
0.004444 0.004444 0.004444 0.004444 0.004444 0.004444 0.004444 0.004444 0.004444 0.004444 0.004444 0.004444 0.004444 0.004444 0.004444 
0.004444 0.004444 0.004444 0.004444 0.004444 0.004444 0.004444 0.004444 0.004444 0.004444 0.004444 0.004444 0.004444 0.004444 0.004444 
0.004444 0.004444 0.004444 0.004444 0.004444 0.004444 0.004444 0.004444 0.004444 0.004444 0.004444 0.004444 0.004444 0.004444 0.004444 
0.004444 0.004444 0.004444 0.004444 0.004444 0.004444 0.004444 0.004444 0.004444 0.004444 0.004444 0.004444 0.004444 0.004444 0.004444 
0.004444 0.004444 0.004444 0.004444 0.004444 0.004444 0.004444 0.004444 0.004444 0.004444 0.004444 0.004444 0.004444 0.004444 0.004444 
0.004444 0.004444 0.004444 0.004444 0.004444 0.004444 0.004444 0.004444 0.004444 0.004444 0.004444 0.004444 0.004444 0.004444 0.004444 
0.004444 0.004444 0.004444 0.004444 0.004444 0.004444 0.004444 0.004444 0.004444 0.004444 0.004444 0.004444 0.004444 0.004444 0.004444 
0.004444 0.004444 0.004444 0.004444 0.004444 0.004444 0.004444 0.004444 0.004444 0.004444 0.004444 0.004444 0.004444 0.004444 0.004444 
0.004444 0.004444 0.004444 0.004444 0.004444 0.004444 0.004444 0.004444 0.004444 0.004444 0.004444 0.004444 0.004444 0.004444 0.004444 
